ce88e3e0-b429-43c9-8aed-a11b846bdbfc "1107.00,969.48,924.97,908.50,956.26,1156.60,1444.26,1538.33,1528.08,1492.71,1497.74,1470.79,1498.63,1513.14,1496.66,1498.99,1504.54,1525.74,1553.27,1675.27,1820.26,1896.98,1699.84,1361.99,1101.60,964.09,919.57,903.11,950.86,1151.20,1438.86,1532.93,1522.68,1487.32,1492.34,1465.40,1493.23,1507.74,1491.26,1493.59,1499.15,1520.34,1547.88,1669.88,1814.87,1891.58,1694.44,1356.59,1096.20,958.69,914.17,897.71,945.46,1145.80,1433.46,1527.53,1517.29,1481.92,1486.95,1460.00,1487.83,1502.34,1485.86,1488.19,1493.75,1514.95,1542.48,1664.48,1809.47,1886.19,1689.05,1351.19"
3bd4cf70-f1a9-40f1-9ac1-66c7af0bfd3a "585.96,584.36,580.82,581.81,579.17,579.59,582.07,586.33,595.54,601.78,607.16,606.71,604.38,605.49,607.60,608.57,609.20,622.17,599.02,596.04,593.54,590.70,587.15,585.25,582.02,580.43,576.89,577.88,575.24,575.66,578.13,582.39,591.61,597.85,603.23,602.77,600.44,601.56,603.67,604.64,605.26,618.24,595.09,592.11,589.60,586.77,583.21,581.32,578.09,576.50,572.96,573.94,571.31,571.72,574.20,578.46,587.68,593.92,599.29,598.84,596.51,597.63,599.74,600.70,601.33,614.31,591.16,588.18,585.67,582.84,579.28,577.39"
3fb200fb-4a4b-48ff-8bc7-3efccaf8a545 "101.20,55.91,6.54,10.39,0.00,0.00,0.00,0.00,27.55,146.00,323.47,492.90,709.96,715.94,433.43,592.50,1051.97,644.39,346.01,246.86,344.88,344.31,200.30,152.91,89.43,44.13,0.00,0.00,0.00,0.00,0.00,0.00,15.78,134.23,311.70,481.12,698.18,704.17,421.66,580.73,1040.20,632.62,334.24,235.09,333.10,332.54,188.53,141.13,77.66,32.36,0.00,0.00,0.00,0.00,0.00,0.00,4.01,122.45,299.92,469.35,686.41,692.39,409.88,568.95,1028.42,620.84,322.46,223.32,321.33,320.77,176.76,129.36"
d2225740-64ec-41d8-9efe-dda467480a10 "766.22,715.96,691.58,672.78,675.92,695.15,803.80,854.47,920.70,1099.05,1291.37,1338.58,1278.98,1262.16,1328.09,1364.99,1426.22,1465.58,1396.37,1321.85,1244.77,985.97,884.21,802.31,768.81,718.54,694.16,675.36,678.50,697.73,806.38,857.06,923.29,1101.64,1293.96,1341.17,1281.57,1264.74,1330.68,1367.58,1428.80,1468.17,1398.96,1324.43,1247.36,988.56,886.80,804.90,771.39,721.13,696.75,677.95,681.09,700.32,808.97,859.64,925.87,1104.23,1296.55,1343.76,1284.16,1267.33,1333.26,1370.17,1431.39,1470.75,1401.55,1327.02,1249.94,991.14,889.38,807.49"
27b8a6c7-35a1-45eb-b267-179705991d53 "6368.06,4818.81,3691.83,3330.18,3038.32,3240.48,4485.85,6877.20,8685.37,9111.13,9524.48,10138.42,10548.92,9581.83,8263.46,7819.19,7712.57,8543.62,8088.73,7495.46,7387.89,7672.88,7809.24,7611.41,6390.89,4841.64,3714.66,3353.01,3061.15,3263.31,4508.68,6900.03,8708.20,9133.96,9547.31,10161.26,10571.76,9604.67,8286.29,7842.02,7735.40,8566.45,8111.56,7518.29,7410.72,7695.71,7832.07,7634.24,6413.72,4864.47,3737.49,3375.84,3083.99,3286.14,4531.51,6922.86,8731.04,9156.79,9570.14,10184.09,10594.59,9627.50,8309.12,7864.85,7758.23,8589.28,8134.40,7541.13,7433.55,7718.54,7854.90,7657.07"
e7d6a5d2-7551-4d7a-ae7e-4d65b31501bf "173.90,123.26,107.37,102.19,101.96,126.08,185.97,224.46,207.16,186.80,174.36,165.37,161.57,154.61,148.76,147.99,149.64,147.54,143.59,148.07,150.93,157.84,162.49,152.45,172.69,122.06,106.16,100.98,100.75,124.87,184.76,223.25,205.96,185.59,173.15,164.16,160.37,153.40,147.55,146.78,148.43,146.33,142.38,146.87,149.72,156.63,161.28,151.24,171.49,120.85,104.96,99.77,99.55,123.67,183.55,222.05,204.75,184.38,171.95,162.96,159.16,152.19,146.35,145.58,147.23,145.13,141.17,145.66,148.51,155.42,160.08,150.04"
39e40b36-b885-471b-9a03-1c730ba47725 "32.50,14.96,13.99,15.71,13.60,15.62,17.25,18.59,606.60,210.86,208.14,210.51,193.86,193.54,203.18,207.46,209.12,214.43,208.68,206.96,187.83,184.35,25.31,21.65,28.27,10.72,9.75,11.48,9.36,11.39,13.02,14.35,602.36,206.62,203.90,206.28,189.62,189.30,198.94,203.22,204.88,210.19,204.44,202.72,183.59,180.11,21.07,17.42,24.03,6.48,5.51,7.24,5.12,7.15,8.78,10.11,598.12,202.38,199.66,202.04,185.38,185.06,194.70,198.98,200.64,205.95,200.21,198.48,179.35,175.87,16.83,13.18"
62c714cb-cd27-4f1d-996b-fa0a241f630b "448.91,371.98,336.76,314.64,309.53,355.08,583.42,1070.64,1185.39,1184.26,1187.46,1234.53,1201.58,1217.66,1310.01,1259.10,1319.03,1456.30,1418.20,1244.37,1097.17,928.71,728.31,560.09,466.59,389.67,354.45,332.32,327.21,372.76,601.10,1088.33,1203.08,1201.94,1205.14,1252.21,1219.26,1235.35,1327.69,1276.78,1336.71,1473.99,1435.88,1262.06,1114.86,946.39,746.00,577.77,484.28,407.35,372.13,350.00,344.90,390.45,618.79,1106.01,1220.76,1219.62,1222.83,1269.90,1236.94,1253.03,1345.37,1294.47,1354.40,1491.67,1453.56,1279.74,1132.54,964.08,763.68,595.45"
edf614b8-4de1-479c-ae9a-46acb9dc09be "543.65,508.86,485.71,481.16,480.78,484.80,574.06,601.30,658.93,849.41,1101.62,1231.22,1283.41,1253.61,1245.37,1225.88,1243.98,1314.27,1372.76,1351.09,1279.73,1099.05,857.62,741.77,557.95,523.16,500.01,495.47,495.08,499.11,588.36,615.61,673.24,863.72,1115.93,1245.53,1297.71,1267.92,1259.67,1240.19,1258.28,1328.58,1387.07,1365.39,1294.03,1113.35,871.92,756.07,572.26,537.47,514.32,509.77,509.39,513.41,602.67,629.91,687.54,878.02,1130.23,1259.83,1312.02,1282.22,1273.97,1254.49,1272.59,1342.88,1401.37,1379.69,1308.34,1127.65,886.23,770.38"
86fc9582-eae6-440b-a7b1-a26ac498e0a4 "0.00,60042.80,371827.32,371382.89,204055.84,0.00,0.00,0.00,0.00,0.00,0.00,0.00,0.00,0.00,0.00,0.00,0.00,0.00,0.00,0.00,0.00,0.00,0.00,0.00,0.00,58616.27,370400.78,369956.35,202629.31,0.00,0.00,0.00,0.00,0.00,0.00,0.00,0.00,0.00,0.00,0.00,0.00,0.00,0.00,0.00,0.00,0.00,0.00,0.00,0.00,57189.73,368974.25,368529.82,201202.78,0.00,0.00,0.00,0.00,0.00,0.00,0.00,0.00,0.00,0.00,0.00,0.00,0.00,0.00,0.00,0.00,0.00,0.00,0.00,"
97b15809-7d09-4908-8c0b-e5b3752252d8 "567.69,555.61,557.52,549.71,544.39,549.82,560.73,619.87,747.84,1081.16,1493.97,1751.85,2031.19,2202.63,2238.05,2350.71,2360.60,2413.20,2351.40,2406.56,2242.35,1450.06,797.65,651.19,688.86,676.77,678.69,670.88,665.56,670.99,681.90,741.04,869.01,1202.33,1615.14,1873.02,2152.36,2323.80,2359.22,2471.88,2481.76,2534.37,2472.57,2527.73,2363.52,1571.23,918.82,772.36,810.03,797.94,799.86,792.05,786.73,792.16,803.07,862.21,990.18,1323.50,1736.31,1994.18,2273.53,2444.97,2480.39,2593.05,2602.93,2655.54,2593.74,2648.90,2484.69,1692.40,1039.99,893.53"
67a44915-f4f1-4ed6-ad22-99b452d48d73 "390.11,384.25,374.32,361.22,333.57,303.30,277.62,270.26,276.93,298.27,305.73,294.85,290.75,293.43,298.54,304.78,307.25,316.30,328.13,349.75,362.13,371.61,377.73,380.66,388.00,382.15,372.21,359.11,331.46,301.20,275.51,268.15,274.82,296.17,303.62,292.74,288.65,291.33,296.43,302.67,305.14,314.19,326.02,347.65,360.02,369.51,375.62,378.55,385.89,380.04,370.10,357.00,329.35,299.09,273.40,266.04,272.71,294.06,301.51,290.64,286.54,289.22,294.32,300.56,303.03,312.09,323.91,345.54,357.91,367.40,373.51,376.44"
f0daee79-6778-41c8-8871-e3b9e98a0d4d "275.88,274.99,261.91,251.05,238.33,230.65,228.56,232.06,241.57,245.54,248.43,235.49,237.86,238.10,237.16,239.09,231.71,231.36,241.73,252.32,262.96,275.44,285.27,289.05,282.51,281.62,268.53,257.68,244.96,237.27,235.18,238.69,248.19,252.17,255.05,242.11,244.48,244.72,243.78,245.71,238.33,237.99,248.36,258.94,269.58,282.06,291.89,295.67,289.13,288.24,275.15,264.30,251.58,243.90,241.80,245.31,254.82,258.79,261.67,248.73,251.11,251.34,250.41,252.34,244.95,244.61,254.98,265.56,276.21,288.69,298.52,302.30"
712a99f2-7685-40a9-9643-4148cf9d7038 "19110.80,18182.65,16305.97,14836.52,13456.48,12322.59,11589.49,11332.88,12478.57,13091.15,13528.28,13907.28,14270.82,14984.44,15328.39,16006.57,16533.10,17279.36,17101.11,17313.52,17452.95,18166.54,19024.81,19280.65,19706.50,18778.35,16901.67,15432.22,14052.18,12918.28,12185.19,11928.58,13074.27,13686.85,14123.98,14502.98,14866.52,15580.14,15924.09,16602.27,17128.80,17875.05,17696.81,17909.22,18048.65,18762.24,19620.50,19876.34,20302.19,19374.05,17497.37,16027.92,14647.88,13513.98,12780.89,12524.28,13669.96,14282.55,14719.68,15098.67,15462.22,16175.84,16519.79,17197.97,17724.50,18470.75,18292.51,18504.92,18644.35,19357.94,20216.20,20472.04"
ed0480f5-ec6e-46ab-84aa-eee1c8ee5df2 "19504.42,18762.15,16980.22,15379.95,13993.48,12815.10,12105.72,11881.87,12979.97,13611.47,14119.75,14398.96,14928.14,15716.49,16084.30,16506.19,17223.63,17917.56,17817.81,17970.20,18406.92,18987.16,19564.81,19830.20,20069.54,19327.26,17545.34,15945.07,14558.59,13380.22,12670.84,12446.99,13545.09,14176.59,14684.87,14964.08,15493.26,16281.61,16649.42,17071.31,17788.74,18482.67,18382.92,18535.31,18972.04,19552.27,20129.93,20395.32,20634.65,19892.38,18110.45,16510.18,15123.71,13945.33,13235.95,13012.10,14110.21,14741.70,15249.99,15529.19,16058.37,16846.72,17214.53,17636.42,18353.86,19047.79,18948.04,19100.43,19537.15,20117.39,20695.04,20960.43"
34df6555-4537-4ed8-bd88-ac4bccc67805 "6654.45,5070.72,4254.63,4220.09,3845.09,3853.23,3971.10,4107.42,4478.23,4825.80,5012.86,5298.15,5730.93,5443.20,5344.06,6368.02,7234.56,8969.11,9546.91,9083.99,8873.41,8811.70,9165.15,8696.80,7962.74,6379.01,5562.92,5528.37,5153.38,5161.51,5279.38,5415.70,5786.51,6134.09,6321.15,6606.44,7039.22,6751.48,6652.34,7676.31,8542.85,10277.39,10855.20,10392.28,10181.70,10119.99,10473.43,10005.09,9271.03,7687.29,6871.20,6836.66,6461.66,6469.80,6587.67,6723.99,7094.80,7442.37,7629.43,7914.72,8347.50,8059.77,7960.63,8984.59,9851.13,11585.68,12163.48,11700.57,11489.98,11428.27,11781.72,11313.37"
8c592c78-3324-4d14-b667-bf16ec51e3d0 "272.41,264.83,270.31,450.39,365.14,302.41,284.61,281.25,282.40,283.84,289.85,283.28,281.39,280.95,274.99,275.30,275.25,270.72,273.27,284.16,297.61,302.68,291.67,281.40,273.20,265.61,271.09,451.17,365.93,303.19,285.40,282.04,283.19,284.63,290.64,284.06,282.18,281.74,275.78,276.08,276.03,271.50,274.05,284.95,298.39,303.46,292.45,282.19,273.98,266.40,271.88,451.96,366.72,303.98,286.19,282.82,283.98,285.42,291.43,284.85,282.96,282.52,276.56,276.87,276.82,272.29,274.84,285.73,299.18,304.25,293.24,282.97"
3342cfd6-6184-4217-bd76-5ce896bacb5a "90.04,76.12,72.81,72.85,70.13,71.57,83.45,99.74,112.92,124.60,137.78,150.47,149.56,139.53,143.38,154.28,168.44,186.88,192.44,181.14,172.73,158.67,134.81,107.82,90.82,76.89,73.59,73.63,70.90,72.35,84.23,100.52,113.70,125.37,138.55,151.25,150.34,140.31,144.16,155.05,169.22,187.66,193.22,181.92,173.50,159.45,135.58,108.60,91.59,77.67,74.37,74.41,71.68,73.13,85.00,101.29,114.47,126.15,139.33,152.03,151.12,141.09,144.94,155.83,170.00,188.43,193.99,182.70,174.28,160.22,136.36,109.37"
36a0ae09-7c74-4d8b-9394-8e08b496b55f "2050.87,2027.58,2005.27,2061.67,1987.03,1987.22,2026.54,2044.61,2081.23,2105.26,2124.21,2312.74,2507.18,2505.22,2495.81,2279.28,2218.70,2123.66,2144.15,2189.48,2204.58,2180.24,2155.41,2098.56,2059.09,2035.80,2013.49,2069.89,1995.24,1995.44,2034.76,2052.83,2089.45,2113.48,2132.43,2320.95,2515.40,2513.44,2504.03,2287.50,2226.92,2131.87,2152.37,2197.70,2212.79,2188.46,2163.63,2106.78,2067.31,2044.02,2021.71,2078.11,2003.46,2003.66,2042.98,2061.05,2097.66,2121.70,2140.65,2329.17,2523.62,2521.66,2512.25,2295.72,2235.14,2140.09,2160.59,2205.92,2221.01,2196.68,2171.85,2115.00"
b0c0999b-77de-4b75-9d3f-013cda1d4502 "2457.41,2087.19,1968.34,1900.61,1885.11,2023.44,2653.17,3464.00,4006.27,4277.20,4497.06,4982.27,5347.55,4654.74,4364.80,4425.10,4946.99,5907.20,6785.95,7788.69,7855.99,6305.10,4391.22,3199.42,2840.79,2470.57,2351.71,2283.98,2268.48,2406.81,3036.54,3847.37,4389.65,4660.57,4880.44,5365.65,5730.92,5038.11,4748.17,4808.47,5330.36,6290.57,7169.32,8172.06,8239.36,6688.47,4774.59,3582.79,3224.16,2853.94,2735.08,2667.36,2651.85,2790.19,3419.91,4230.75,4773.02,5043.95,5263.81,5749.02,6114.29,5421.48,5131.54,5191.85,5713.74,6673.94,7552.70,8555.43,8622.73,7071.84,5157.96,3966.16"
b1bc95b5-4842-437e-a322-1756cefa45bf "1778.10,1162.73,1187.15,1110.13,1097.01,1121.63,1268.85,1375.66,1360.66,1426.58,1421.04,1446.80,1637.00,1561.39,1439.78,1419.76,1545.74,1767.84,1885.88,2471.12,3114.86,3007.51,1914.12,1449.28,1723.04,1107.67,1132.09,1055.08,1041.95,1066.57,1213.80,1320.60,1305.60,1371.53,1365.98,1391.75,1581.95,1506.34,1384.72,1364.71,1490.68,1712.79,1830.83,2416.07,3059.81,2952.46,1859.07,1394.23,1667.98,1052.61,1077.04,1000.02,986.90,1011.52,1158.74,1265.55,1250.55,1316.47,1310.92,1336.69,1526.89,1451.28,1329.67,1309.65,1435.63,1657.73,1775.77,2361.01,3004.75,2897.40,1804.01,1339.17"
77bc4464-b5fa-4e47-bfd1-ae4e4fcd5199 "0.00,0.00,0.00,0.00,83.62,301.90,317.41,287.32,291.86,304.68,0.00,0.00,0.00,0.00,0.00,0.00,0.00,0.00,0.00,0.00,0.00,0.00,0.00,0.00,0.00,0.00,0.00,0.00,79.58,297.86,313.37,283.28,287.82,300.64,0.00,0.00,0.00,0.00,0.00,0.00,0.00,0.00,0.00,0.00,0.00,0.00,0.00,0.00,0.00,0.00,0.00,0.00,75.54,293.82,309.33,279.24,283.78,296.60,0.00,0.00,0.00,0.00,0.00,0.00,0.00,0.00,0.00,0.00,0.00,0.00,0.00,0.00,"
ada698ef-7c0d-4ffd-9d21-8dc90ef9951e "98.00,63.10,58.94,60.40,60.75,78.12,61.19,78.94,64.20,63.45,64.47,107.51,73.81,93.83,64.05,58.52,67.14,53.31,74.33,61.62,80.79,61.11,55.45,66.64,93.92,59.02,54.87,56.33,56.67,74.04,57.12,74.87,60.12,59.38,60.39,103.44,69.74,89.76,59.97,54.44,63.07,49.24,70.26,57.54,76.72,57.04,51.37,62.56,89.85,54.95,50.79,52.25,52.60,69.97,53.04,70.79,56.04,55.30,56.32,99.36,65.66,85.68,55.90,50.37,58.99,45.16,66.18,53.47,72.64,52.96,47.30,58.49"
54f6f4eb-6325-41ec-bee9-0dadebfde7a0 "256.79,254.74,255.55,257.76,254.45,255.10,255.92,257.40,261.28,263.69,266.98,265.27,272.05,274.25,275.09,269.28,260.97,259.89,258.36,258.37,258.60,257.74,258.06,255.71,254.41,252.36,253.17,255.38,252.07,252.72,253.54,255.02,258.91,261.31,264.61,262.89,269.67,271.87,272.72,266.90,258.59,257.51,255.99,255.99,256.22,255.36,255.68,253.33,252.03,249.99,250.79,253.01,249.70,250.34,251.16,252.65,256.53,258.93,262.23,260.51,267.29,269.50,270.34,264.53,256.21,255.13,253.61,253.61,253.85,252.98,253.31,250.96"
6c3fcd87-5bf1-4dec-8205-9d253c856df7 "370.59,291.51,258.16,266.20,250.66,320.52,548.44,826.55,969.13,956.85,945.15,1136.58,1174.99,826.97,754.81,783.71,974.84,1322.56,1692.90,2004.41,1719.84,1262.61,809.53,518.10,382.27,303.19,269.83,277.88,262.34,332.20,560.12,838.23,980.81,968.53,956.83,1148.26,1186.67,838.65,766.49,795.38,986.52,1334.24,1704.58,2016.09,1731.52,1274.29,821.20,529.78,393.95,314.87,281.51,289.56,274.02,343.88,571.80,849.91,992.49,980.21,968.51,1159.94,1198.35,850.33,778.17,807.06,998.20,1345.91,1716.26,2027.77,1743.20,1285.97,832.88,541.46"
3c642a41-553d-45d3-aee9-cd7ce7e4e038 "1382.46,1372.22,1369.61,1367.52,1365.81,1367.60,1374.97,1381.31,1392.92,1394.61,1395.16,1393.62,1396.38,1398.66,1396.51,1399.37,1401.68,1404.26,1407.43,1413.60,1424.06,1419.67,1411.52,1400.45,1386.03,1375.79,1373.18,1371.10,1369.38,1371.18,1378.55,1384.89,1396.50,1398.19,1398.73,1397.19,1399.96,1402.23,1400.08,1402.95,1405.26,1407.83,1411.01,1417.17,1427.63,1423.25,1415.09,1404.02,1389.60,1379.37,1376.76,1374.67,1372.96,1374.75,1382.12,1388.46,1400.07,1401.76,1402.30,1400.76,1403.53,1405.81,1403.65,1406.52,1408.83,1411.41,1414.58,1420.75,1431.20,1426.82,1418.67,1407.60"
9decf6c2-1760-4924-a845-106591232f00 "1500.36,1800.79,1522.19,1507.24,1491.94,1499.32,1503.01,1503.88,1506.98,1506.05,1592.15,1559.76,1506.06,1530.53,1549.87,1593.27,1632.33,1757.70,1535.16,1529.45,1526.81,1539.54,1517.35,1531.97,1499.23,1799.66,1521.06,1506.10,1490.80,1498.18,1501.88,1502.74,1505.84,1504.92,1591.02,1558.63,1504.93,1529.39,1548.73,1592.13,1631.20,1756.57,1534.03,1528.31,1525.67,1538.41,1516.21,1530.84,1498.09,1798.52,1519.92,1504.97,1489.67,1497.05,1500.74,1501.61,1504.71,1503.78,1589.88,1557.49,1503.79,1528.26,1547.60,1591.00,1630.06,1755.43,1532.89,1527.18,1524.54,1537.27,1515.08,1529.70"
396c82b9-3cb7-4d41-a32e-1c7f81f97144 "2169.46,1779.44,1610.27,1540.83,1510.43,1513.72,1584.58,1784.63,2264.35,3351.35,4898.65,6435.53,8118.32,11842.85,16161.75,21191.67,20870.83,18707.18,16319.67,12329.44,10761.36,7147.81,4988.56,3144.06,2062.49,1672.47,1503.30,1433.86,1403.46,1406.76,1477.62,1677.66,2157.39,3244.38,4791.68,6328.56,8011.36,11735.88,16054.78,21084.70,20763.86,18600.21,16212.71,12222.47,10654.39,7040.85,4881.59,3037.09,1955.52,1565.51,1396.33,1326.89,1296.50,1299.79,1370.65,1570.69,2050.42,3137.42,4684.72,6221.60,7904.39,11628.91,15947.82,20977.73,20656.89,18493.24,16105.74,12115.50,10547.43,6933.88,4774.62,2930.13"
e0dd41e9-a57c-475a-bc0d-5b870f0adc26 "73.64,73.50,73.44,73.62,73.70,73.86,73.84,73.74,73.52,73.87,73.84,72.51,73.03,73.08,73.19,143.04,72.75,72.83,72.80,72.45,111.28,72.44,72.67,72.83,70.90,70.77,70.71,70.88,70.96,71.13,71.11,71.00,70.78,71.14,71.11,69.78,70.30,70.34,70.46,140.31,70.01,70.10,70.07,69.72,108.54,69.71,69.94,70.09,68.17,68.03,67.97,68.15,68.23,68.40,68.37,68.27,68.05,68.40,68.37,67.04,67.56,67.61,67.72,137.57,67.28,67.37,67.34,66.98,105.81,66.98,67.20,67.36"
583fb3ee-ab8a-477e-a69f-18451cd557af "6504.08,2180.05,0.00,0.00,0.00,0.00,1154.51,3898.15,4276.16,5910.85,6694.33,7373.67,9058.50,8713.66,8191.10,8320.30,8252.74,7904.81,8152.43,9093.12,12127.74,15717.49,15098.42,10695.51,5662.60,1338.58,0.00,0.00,0.00,0.00,313.04,3056.67,3434.68,5069.38,5852.85,6532.19,8217.02,7872.18,7349.62,7478.82,7411.26,7063.33,7310.95,8251.65,11286.26,14876.01,14256.94,9854.03,4821.12,497.10,0.00,0.00,0.00,0.00,0.00,2215.19,2593.21,4227.90,5011.38,5690.71,7375.54,7030.70,6508.14,6637.35,6569.78,6221.85,6469.47,7410.17,10444.78,14034.54,13415.46,9012.55"
9d9285ce-415e-4b7f-8bad-4183a4e4063c "68.38,66.90,65.99,65.56,65.60,64.51,66.51,66.70,68.44,69.60,69.92,69.37,70.23,72.21,71.53,71.94,71.89,72.45,72.10,71.99,70.59,70.26,69.12,67.04,68.47,66.99,66.08,65.64,65.69,64.60,66.59,66.79,68.53,69.68,70.01,69.46,70.32,72.30,71.62,72.03,71.97,72.53,72.19,72.07,70.67,70.35,69.21,67.13,68.55,67.07,66.17,65.73,65.78,64.69,66.68,66.88,68.62,69.77,70.10,69.54,70.41,72.38,71.70,72.12,72.06,72.62,72.27,72.16,70.76,70.44,69.30,67.21"
d1fab258-c55b-49a2-b55e-e2e565fc068c "271.62,265.33,271.76,444.29,369.29,292.11,293.41,301.64,300.59,285.74,284.06,282.27,284.20,283.59,280.58,280.87,279.96,280.62,283.56,299.36,304.43,302.97,292.21,281.19,272.18,265.89,272.33,444.85,369.85,292.67,293.98,302.20,301.15,286.30,284.62,282.83,284.77,284.15,281.14,281.43,280.52,281.18,284.12,299.92,304.99,303.53,292.78,281.75,272.74,266.46,272.89,445.41,370.41,293.23,294.54,302.76,301.71,286.86,285.18,283.39,285.33,284.71,281.70,281.99,281.08,281.75,284.68,300.48,305.55,304.09,293.34,282.31"
e200ce28-15ca-4f38-8c9c-5dd91925b3d7 "143.98,140.78,143.27,150.11,160.10,160.56,161.20,165.16,156.15,147.78,146.02,146.39,148.52,146.90,145.82,147.01,146.69,147.39,147.34,146.99,148.51,149.40,148.79,146.41,143.49,140.29,142.77,149.62,159.61,160.06,160.71,164.67,155.65,147.29,145.53,145.90,148.02,146.40,145.33,146.52,146.20,146.90,146.84,146.50,148.01,148.91,148.30,145.92,142.99,139.79,142.28,149.12,159.12,159.57,160.22,164.18,155.16,146.79,145.03,145.41,147.53,145.91,144.84,146.02,145.71,146.41,146.35,146.01,147.52,148.42,147.81,145.43"
8bb4772f-af16-4b34-a6ea-eab6877571e1 "345.91,323.33,339.23,408.41,411.08,350.97,335.90,341.66,339.01,336.31,336.53,333.58,340.15,332.31,327.12,335.85,341.46,360.24,366.19,486.65,580.74,551.06,428.40,387.28,350.83,328.25,344.16,413.33,416.01,355.90,340.83,346.58,343.94,341.23,341.45,338.50,345.08,337.23,332.05,340.78,346.38,365.16,371.11,491.57,585.66,555.98,433.33,392.21,355.76,333.18,349.08,418.26,420.93,360.83,345.76,351.51,348.86,346.16,346.38,343.43,350.00,342.16,336.97,345.70,351.31,370.09,376.04,496.50,590.59,560.91,438.25,397.13"
650db4cd-f1c7-4424-83e9-a50c967465ef "283.14,260.07,255.76,251.61,276.85,254.78,270.22,283.74,310.57,402.16,394.89,342.51,333.46,414.85,478.38,568.23,443.08,350.14,351.26,1243.38,1330.37,600.21,394.22,310.13,274.67,251.60,247.29,243.14,268.38,246.31,261.75,275.27,302.10,393.69,386.42,334.04,325.00,406.38,469.91,559.76,434.61,341.67,342.79,1234.92,1321.90,591.74,385.75,301.66,266.21,243.14,238.82,234.68,259.91,237.84,253.28,266.80,293.63,385.22,377.95,325.58,316.53,397.91,461.44,551.29,426.15,333.20,334.32,1226.45,1313.43,583.28,377.29,293.19"
85d5dd60-f514-496e-bb5a-4244c8d9340e "226.51,226.14,225.35,224.78,224.88,225.00,226.05,226.95,228.67,228.78,230.14,227.97,228.32,228.14,228.63,230.30,228.12,229.73,230.14,231.24,242.22,239.87,230.76,227.49,226.37,226.01,225.22,224.65,224.75,224.87,225.91,226.82,228.53,228.65,230.00,227.84,228.19,228.00,228.50,230.17,227.99,229.60,230.00,231.11,242.08,239.73,230.63,227.36,226.24,225.87,225.08,224.51,224.61,224.73,225.78,226.68,228.40,228.51,229.87,227.70,228.06,227.87,228.36,230.03,227.85,229.46,229.87,230.97,241.95,239.60,230.49,227.22"
23691822-c65a-4c4f-95cf-5807c3d4049a "491.77,442.78,413.41,377.27,240.66,531.41,256.57,263.79,274.72,280.29,286.88,288.07,295.33,291.13,286.19,284.55,283.50,285.59,292.55,312.77,340.06,362.40,430.39,489.25,491.89,442.89,413.52,377.38,240.78,531.53,256.69,263.90,274.83,280.40,286.99,288.18,295.44,291.24,286.30,284.67,283.61,285.71,292.67,312.89,340.17,362.51,430.50,489.36,492.00,443.00,413.63,377.49,240.89,531.64,256.80,264.02,274.95,280.51,287.11,288.29,295.56,291.36,286.41,284.78,283.72,285.82,292.78,313.00,340.29,362.63,430.62,489.48"
06bc350d-2337-43b1-ab47-95a56b302061 "79.70,77.08,82.68,91.27,90.62,92.80,102.71,97.57,105.42,113.50,102.54,84.38,92.22,97.53,85.10,84.50,87.76,86.38,92.46,90.73,84.85,88.18,87.63,81.43,78.95,76.33,81.93,90.52,89.87,92.05,101.96,96.82,104.67,112.75,101.79,83.63,91.47,96.78,84.35,83.75,87.01,85.63,91.71,89.99,84.10,87.43,86.88,80.69,78.20,75.58,81.18,89.77,89.12,91.30,101.21,96.07,103.92,112.00,101.04,82.88,90.72,96.03,83.61,83.00,86.26,84.88,90.96,89.24,83.35,86.68,86.13,79.94"
02488951-da87-4317-9da2-0b1382e00fa9 "3142.15,2802.45,2645.14,2543.73,2619.41,3142.50,6033.36,8582.61,8264.95,8040.37,7331.56,7847.10,8432.09,8470.66,7267.75,6443.67,7456.04,8382.18,8424.95,8651.63,7848.62,7197.12,5697.91,4251.55,3673.71,3334.00,3176.69,3075.28,3150.97,3674.05,6564.91,9114.16,8796.50,8571.93,7863.12,8378.65,8963.65,9002.22,7799.30,6975.22,7987.60,8913.73,8956.51,9183.18,8380.18,7728.67,6229.46,4783.10,4205.26,3865.56,3708.25,3606.83,3682.52,4205.60,7096.47,9645.72,9328.05,9103.48,8394.67,8910.21,9495.20,9533.77,8330.86,7506.78,8519.15,9445.29,9488.06,9714.74,8911.73,8260.23,6761.02,5314.66"
a4062a10-601c-44c0-96fb-ffe307a98b4e "12465.26,11784.98,11068.14,12015.12,11584.30,11797.36,12313.18,13365.79,16021.52,23837.91,27243.19,26943.98,26180.92,24951.05,28572.77,28482.91,25671.94,25128.63,24449.74,32839.31,46000.74,36422.62,25396.96,17402.85,13814.78,13134.50,12417.66,13364.65,12933.82,13146.88,13662.70,14715.31,17371.04,25187.43,28592.71,28293.51,27530.45,26300.57,29922.30,29832.43,27021.47,26478.15,25799.27,34188.83,47350.26,37772.14,26746.48,18752.37,15164.31,14484.02,13767.18,14714.17,14283.34,14496.40,15012.23,16064.84,18720.57,26536.96,29942.24,29643.03,28879.97,27650.09,31271.82,31181.95,28370.99,27827.67,27148.79,35538.35,48699.78,39121.66,28096.00,20101.90"
d0a17616-7299-4767-9f38-1e03b44bc96f "191.85,189.45,188.93,189.12,188.68,187.49,187.43,187.52,188.93,195.61,200.08,198.80,191.91,191.04,198.99,200.52,200.31,199.20,193.11,193.78,193.93,192.47,191.85,190.35,190.36,187.97,187.44,187.64,187.20,186.01,185.94,186.03,187.44,194.12,198.59,197.31,190.43,189.55,197.50,199.03,198.82,197.72,191.62,192.29,192.45,190.98,190.36,188.87,188.87,186.48,185.96,186.15,185.71,184.52,184.45,184.54,185.95,192.64,197.10,195.82,188.94,188.07,196.02,197.54,197.33,196.23,190.13,190.80,190.96,189.50,188.88,187.38"
e03aded7-68f3-4776-8477-2ab88248fee3 "594.47,612.08,587.76,581.01,613.18,597.28,583.35,584.36,604.82,632.17,657.58,653.97,648.37,689.72,701.43,713.10,737.32,715.15,668.47,697.53,695.70,679.32,651.13,606.45,592.98,610.59,586.27,579.52,611.69,595.79,581.86,582.87,603.33,630.68,656.09,652.48,646.87,688.23,699.94,711.61,735.83,713.66,666.98,696.04,694.21,677.83,649.63,604.96,591.49,609.10,584.78,578.03,610.20,594.30,580.37,581.37,601.84,629.19,654.60,650.99,645.38,686.74,698.45,710.12,734.34,712.17,665.49,694.54,692.72,676.34,648.14,603.47"
230627d0-8fea-4a7e-94ca-60d46daa3d87 "1141.38,1210.72,1181.28,1148.66,1122.63,1108.67,1112.50,1112.06,1120.36,1160.22,1159.29,1156.31,1156.56,1158.18,1135.21,1146.53,1186.71,1178.96,1166.20,1155.83,1192.30,1189.80,1168.10,1157.55,1140.45,1209.79,1180.35,1147.73,1121.70,1107.74,1111.57,1111.13,1119.43,1159.29,1158.36,1155.38,1155.63,1157.25,1134.28,1145.60,1185.78,1178.03,1165.27,1154.90,1191.37,1188.87,1167.17,1156.62,1139.52,1208.86,1179.42,1146.80,1120.77,1106.81,1110.64,1110.20,1118.50,1158.36,1157.43,1154.45,1154.69,1156.32,1133.35,1144.67,1184.84,1177.10,1164.34,1153.97,1190.44,1187.94,1166.24,1155.69"
43203817-e16c-41ec-81e2-e905ce9718ff "169.80,168.23,166.67,164.72,166.16,165.83,167.45,170.44,174.15,176.07,177.81,178.87,174.49,175.57,177.88,177.66,178.60,180.57,175.20,177.66,185.30,184.14,175.90,172.47,170.86,169.29,167.73,165.78,167.22,166.89,168.50,171.50,175.21,177.13,178.87,179.92,175.55,176.63,178.94,178.71,179.65,181.63,176.26,178.71,186.36,185.20,176.96,173.52,171.92,170.35,168.78,166.84,168.28,167.94,169.56,172.55,176.26,178.18,179.92,180.98,176.60,177.68,180.00,179.77,180.71,182.68,177.31,179.77,187.42,186.26,178.01,174.58"
07cc9cd9-2113-4d11-9d40-f7f4b28918e1 "230.90,235.25,228.25,229.38,229.48,229.01,232.89,233.86,240.20,247.86,249.78,253.87,263.66,279.82,272.20,259.43,247.18,247.95,245.30,245.66,246.44,246.46,242.91,236.56,226.30,230.65,223.65,224.79,224.88,224.41,228.29,229.26,235.60,243.26,245.18,249.27,259.06,275.22,267.60,254.83,242.58,243.35,240.70,241.06,241.84,241.86,238.31,231.96,221.70,226.05,219.06,220.19,220.28,219.81,223.69,224.66,231.00,238.66,240.58,244.67,254.46,270.62,263.00,250.23,237.98,238.75,236.10,236.46,237.24,237.26,233.71,227.36"
286e0cf9-c67c-4a5a-ab52-c605ec12e16b "233.73,188.82,162.07,146.89,150.88,238.32,192.27,239.19,268.41,312.15,352.62,349.13,319.91,319.47,351.93,349.38,361.49,351.07,311.54,311.37,321.19,334.30,335.08,291.87,232.02,187.11,160.36,145.19,149.18,236.62,190.57,237.48,266.70,310.45,350.91,347.43,318.20,317.76,350.22,347.67,359.79,349.36,309.84,309.67,319.49,332.59,333.37,290.16,230.32,185.41,158.66,143.48,147.47,234.91,188.86,235.78,265.00,308.74,349.21,345.72,316.50,316.06,348.52,345.96,358.08,347.66,308.13,307.96,317.78,330.89,331.66,288.46"
420c7a21-e53f-4b13-b03c-9c38406941a9 "81.75,6.17,41.40,25.01,13.19,12.94,12.92,4.82,6.35,12.25,63.74,81.89,92.04,95.84,83.70,55.10,76.34,75.38,39.03,65.52,74.59,205.07,21.02,20.73,63.63,0.00,23.27,6.89,0.00,0.00,0.00,0.00,0.00,0.00,45.61,63.77,73.92,77.72,65.58,36.98,58.21,57.26,20.91,47.40,56.47,186.95,2.90,2.61,45.50,0.00,5.15,0.00,0.00,0.00,0.00,0.00,0.00,0.00,27.49,45.65,55.80,59.60,47.45,18.86,40.09,39.13,2.79,29.28,38.34,168.82,0.00,0.00,"
bfb749e5-1271-4c35-8a59-dd8d227a31f1 "220.51,243.17,263.83,238.75,218.90,191.11,185.45,166.74,169.27,184.03,205.97,226.50,238.08,257.87,256.22,227.12,231.90,242.15,212.08,220.11,206.60,221.95,204.76,202.15,223.02,245.68,266.34,241.26,221.41,193.62,187.96,169.25,171.78,186.54,208.48,229.01,240.59,260.38,258.73,229.63,234.41,244.66,214.59,222.62,209.11,224.46,207.27,204.66,225.53,248.19,268.85,243.77,223.92,196.13,190.47,171.76,174.29,189.05,210.99,231.52,243.10,262.89,261.24,232.14,236.92,247.17,217.10,225.13,211.62,226.97,209.78,207.17"
297eac34-baa1-4883-b4af-3b5e163d7649 "386.06,381.34,380.09,378.13,377.80,378.52,375.83,377.08,380.61,381.49,384.02,387.38,387.26,387.14,387.60,387.41,385.50,386.86,387.57,389.53,391.15,391.49,392.15,391.55,386.23,381.52,380.26,378.30,377.97,378.69,376.00,377.25,380.78,381.66,384.19,387.56,387.43,387.32,387.77,387.58,385.67,387.04,387.74,389.70,391.32,391.66,392.32,391.72,386.40,381.69,380.43,378.47,378.14,378.86,376.17,377.42,380.95,381.84,384.36,387.73,387.60,387.49,387.94,387.76,385.84,387.21,387.92,389.88,391.50,391.83,392.49,391.89"
3ad1a1cc-41a8-4dfa-aecf-f09339e4a363 "875.98,823.88,823.65,823.19,829.76,820.53,831.50,826.31,833.59,854.02,863.90,869.90,847.64,858.67,873.85,859.67,851.56,858.81,841.80,840.33,841.59,837.59,824.75,828.40,871.05,818.96,818.73,818.27,824.84,815.61,826.58,821.39,828.66,849.09,858.98,864.98,842.72,853.74,868.93,854.75,846.63,853.88,836.88,835.41,836.67,832.67,819.82,823.48,866.13,814.04,813.81,813.34,819.92,810.68,821.66,816.46,823.74,844.17,854.06,860.05,837.79,848.82,864.01,849.82,841.71,848.96,831.96,830.49,831.74,827.75,814.90,818.56"
8c61da8f-52c7-4a89-8895-7874c2037cce "60.58,49.34,45.27,44.42,43.69,43.86,45.00,45.03,47.88,48.92,55.25,69.96,81.91,89.84,98.21,105.81,105.17,103.12,107.24,116.87,113.59,115.92,100.77,85.70,63.48,52.24,48.18,47.32,46.59,46.77,47.90,47.93,50.78,51.82,58.15,72.86,84.82,92.74,101.12,108.71,108.07,106.02,110.14,119.78,116.49,118.82,103.67,88.60,66.38,55.14,51.08,50.22,49.50,49.67,50.81,50.83,53.68,54.72,61.06,75.76,87.72,95.64,104.02,111.62,110.98,108.93,113.04,122.68,119.39,121.73,106.58,91.51"
ab066aba-7abf-4e5e-b855-f4cc0d932804 "330.26,313.28,308.55,335.15,315.03,318.66,329.56,347.84,401.19,500.31,519.64,489.73,439.29,443.65,464.69,487.47,484.29,455.51,418.06,462.33,455.24,413.23,379.79,349.49,330.22,313.25,308.52,335.12,315.00,318.63,329.53,347.81,401.16,500.28,519.61,489.70,439.26,443.62,464.66,487.44,484.26,455.48,418.03,462.30,455.21,413.20,379.76,349.46,330.19,313.22,308.49,335.09,314.97,318.60,329.50,347.78,401.13,500.25,519.58,489.66,439.23,443.59,464.63,487.41,484.23,455.45,418.00,462.27,455.18,413.17,379.73,349.43"
d02c9a86-2400-4dec-b11f-0035235df287 "61.06,60.35,59.09,60.07,58.44,58.73,58.99,58.52,60.14,62.93,65.88,64.57,64.02,64.37,64.71,64.03,64.65,64.33,63.56,63.59,63.05,63.26,62.86,62.02,61.74,61.03,59.77,60.75,59.12,59.41,59.67,59.20,60.82,63.61,66.56,65.25,64.70,65.05,65.39,64.71,65.33,65.01,64.24,64.27,63.73,63.94,63.54,62.70,62.42,61.71,60.45,61.43,59.80,60.09,60.35,59.88,61.50,64.29,67.25,65.93,65.38,65.73,66.07,65.39,66.01,65.69,64.92,64.95,64.42,64.62,64.22,63.38"
61f1b89e-ed5b-420d-8750-7eb3a42af251 "2429.68,2808.46,2232.70,2136.60,2154.50,2333.79,2565.07,2760.37,3098.72,3136.62,3124.89,3148.70,3253.52,3365.61,3572.61,3805.87,3772.64,3590.12,3444.77,3438.20,3557.99,3460.45,2852.47,2578.90,2618.94,2997.72,2421.96,2325.86,2343.76,2523.05,2754.33,2949.63,3287.98,3325.88,3314.15,3337.96,3442.78,3554.88,3761.87,3995.14,3961.90,3779.38,3634.03,3627.46,3747.26,3649.71,3041.73,2768.16,2808.20,3186.98,2611.23,2515.12,2533.02,2712.31,2943.59,3138.89,3477.24,3515.15,3503.41,3527.23,3632.05,3744.14,3951.13,4184.40,4151.16,3968.64,3823.29,3816.72,3936.52,3838.97,3230.99,2957.42"
5037c159-f289-40a4-beb6-156f96ca9ce5 "503.89,332.42,315.19,306.23,303.16,308.51,307.31,335.97,464.92,594.75,633.06,557.69,523.34,585.36,635.51,739.16,941.50,701.10,653.12,1268.06,1166.16,1138.04,1182.62,1120.97,568.07,396.60,379.38,370.41,367.34,372.69,371.50,400.15,529.10,658.93,697.24,621.87,587.52,649.54,699.70,803.34,1005.68,765.28,717.30,1332.24,1230.34,1202.22,1246.80,1185.16,632.25,460.79,443.56,434.59,431.52,436.87,435.68,464.33,593.28,723.11,761.42,686.05,651.70,713.72,763.88,867.52,1069.86,829.46,781.49,1396.42,1294.52,1266.40,1310.98,1249.34"
94ef1d46-46b6-4b39-a0c3-497472af8ff7 "13251.52,12971.04,12877.09,13115.38,12796.07,12810.76,15111.37,13371.19,14283.16,14517.79,14855.00,15202.03,15180.00,14864.00,14973.21,15136.63,14802.56,14890.37,14507.52,14440.45,14396.29,14215.15,14042.72,13001.49,13088.85,12808.36,12714.42,12952.71,12633.40,12648.08,14948.70,13208.52,14120.48,14355.12,14692.32,15039.36,15017.32,14701.32,14810.54,14973.96,14639.88,14727.69,14344.85,14277.78,14233.62,14052.48,13880.05,12838.82,12926.17,12645.69,12551.74,12790.03,12470.72,12485.41,14786.02,13045.84,13957.81,14192.45,14529.65,14876.68,14854.65,14538.65,14647.87,14811.29,14477.21,14565.02,14182.17,14115.10,14070.95,13889.81,13717.37,12676.14"
4318f21d-c4a1-48b3-86d7-684e56912be9 "686.22,663.36,1198.74,666.04,666.90,673.62,700.45,702.73,710.88,745.79,1094.98,1100.48,1154.72,1257.01,1370.36,1369.96,1302.77,1247.55,1257.54,1417.34,1445.64,1097.81,833.50,730.47,796.66,773.80,1309.18,776.48,777.35,784.07,810.90,813.17,821.33,856.23,1205.43,1210.93,1265.17,1367.46,1480.81,1480.41,1413.22,1358.00,1367.98,1527.79,1556.09,1208.25,943.94,840.92,907.11,884.25,1419.63,886.93,887.79,894.52,921.35,923.62,931.78,966.68,1315.87,1321.37,1375.61,1477.90,1591.25,1590.86,1523.67,1468.45,1478.43,1638.23,1666.53,1318.70,1054.39,951.36"
b0409257-0346-47f9-b219-fe34a2790b9b "65.36,62.84,63.69,63.33,62.56,61.34,61.90,62.26,66.12,71.08,75.24,74.48,72.93,69.85,73.73,73.94,74.53,73.73,70.20,68.86,69.19,68.76,67.65,64.54,64.31,61.79,62.64,62.28,61.52,60.29,60.86,61.21,65.07,70.03,74.20,73.43,71.88,68.81,72.69,72.89,73.48,72.69,69.15,67.82,68.14,67.71,66.61,63.50,63.27,60.74,61.59,61.24,60.47,59.25,59.81,60.17,64.03,68.98,73.15,72.39,70.84,67.76,71.64,71.84,72.43,71.64,68.11,66.77,67.10,66.67,65.56,62.45"
f7b58aa6-c652-49ef-b113-918c65bd44b3 "126.47,109.76,107.53,112.93,112.34,112.60,126.13,131.03,135.51,146.64,150.61,160.70,181.55,168.04,158.34,164.59,177.19,216.87,216.16,209.88,227.97,188.54,175.79,141.70,136.07,119.37,117.13,122.54,121.94,122.21,135.74,140.64,145.11,156.25,160.21,170.30,191.16,177.65,167.95,174.20,186.79,226.48,225.76,219.49,237.57,198.14,185.40,151.31,145.68,128.97,126.74,132.14,131.55,131.81,145.34,150.24,154.72,165.85,169.82,179.91,200.77,187.26,177.56,183.81,196.40,236.08,235.37,229.09,247.18,207.75,195.00,160.92"
ad32cba7-5559-48e9-b193-f820790c812a "183.35,121.23,100.55,89.12,82.39,80.18,80.12,90.52,116.16,142.67,156.00,162.83,151.34,152.51,159.24,154.80,159.33,147.47,145.64,142.80,149.95,162.71,186.89,174.15,195.09,132.98,112.29,100.87,94.14,91.92,91.87,102.27,127.91,154.41,167.74,174.57,163.09,164.25,170.98,166.55,171.08,159.21,157.38,154.54,161.70,174.45,198.63,185.89,206.84,144.72,124.04,112.61,105.88,103.67,103.61,114.01,139.65,166.16,179.49,186.32,174.83,176.00,182.73,178.29,182.82,170.96,169.13,166.29,173.44,186.19,210.37,197.64"
17cf7aca-35d2-4d3c-966a-1e436e9da42f "391.14,332.48,294.18,298.10,288.95,283.18,304.65,322.47,425.43,631.14,676.13,597.15,445.96,503.83,589.34,617.98,627.36,582.52,541.09,555.42,590.83,611.04,568.09,501.57,372.43,313.77,275.47,279.39,270.24,264.47,285.95,303.76,406.72,612.43,657.42,578.45,427.26,485.12,570.64,599.27,608.65,563.81,522.39,536.71,572.12,592.33,549.38,482.86,353.72,295.06,256.77,260.68,251.53,245.76,267.24,285.05,388.02,593.72,638.71,559.74,408.55,466.41,551.93,580.56,589.94,545.10,503.68,518.01,553.42,573.62,530.68,464.15"
e6fdd9d7-2a8c-4134-bfda-338ca96e8b42 "6059.73,5959.29,5745.25,5721.76,5748.71,5814.01,6080.23,6021.55,5993.13,5964.03,5818.99,6188.50,5153.41,4823.29,4280.89,4132.16,3966.67,4257.66,4533.44,5207.21,5882.35,6113.00,6335.74,6080.47,5818.22,5717.79,5503.74,5480.25,5507.21,5572.51,5838.73,5780.04,5751.63,5722.52,5577.48,5947.00,4911.90,4581.79,4039.39,3890.66,3725.17,4016.15,4291.94,4965.70,5640.85,5871.50,6094.24,5838.97,5576.72,5476.29,5262.24,5238.75,5265.70,5331.01,5597.23,5538.54,5510.12,5481.02,5335.98,5705.50,4670.40,4340.28,3797.89,3649.15,3483.67,3774.65,4050.44,4724.20,5399.35,5630.00,5852.73,5597.46"
61412610-9fd5-4ec6-86e9-ba6913dfa9d4 "36.04,34.68,35.35,35.22,34.45,33.70,33.87,33.83,34.20,36.42,39.61,40.18,38.72,39.33,42.76,44.27,42.91,41.68,38.49,39.00,37.79,38.72,39.47,37.86,35.56,34.20,34.87,34.74,33.97,33.22,33.39,33.35,33.73,35.95,39.13,39.70,38.24,38.85,42.28,43.79,42.43,41.20,38.01,38.52,37.31,38.25,38.99,37.38,35.08,33.72,34.39,34.26,33.49,32.75,32.91,32.87,33.25,35.47,38.65,39.23,37.76,38.37,41.81,43.31,41.95,40.72,37.53,38.04,36.83,37.77,38.52,36.90"
63f8082a-8763-4454-bb18-befb68a6888d "1040.75,1029.58,1032.58,1041.76,1041.46,1030.15,1034.94,1069.11,1102.83,1058.60,1068.37,1064.92,1041.53,1056.49,1073.98,1058.59,1061.74,1056.73,1049.07,1042.44,1099.80,1040.19,1040.72,1044.09,1040.32,1029.15,1032.15,1041.34,1041.03,1029.72,1034.51,1068.68,1102.40,1058.18,1067.95,1064.49,1041.10,1056.06,1073.55,1058.16,1061.31,1056.30,1048.64,1042.01,1099.38,1039.77,1040.29,1043.66,1039.89,1028.72,1031.73,1040.91,1040.60,1029.29,1034.08,1068.26,1101.98,1057.75,1067.52,1064.06,1040.67,1055.64,1073.12,1057.74,1060.89,1055.87,1048.21,1041.58,1098.95,1039.34,1039.87,1043.23"
abf06b16-9024-4972-9f6a-23825405ef47 "2412.84,2407.20,2407.63,2399.02,2390.91,2378.38,2366.67,2370.68,2402.69,2533.36,2519.90,2478.57,2425.95,2479.38,2519.14,2517.46,2486.65,2485.12,2508.65,2397.78,2405.48,2397.01,2397.54,2392.29,2382.06,2376.43,2376.86,2368.24,2360.14,2347.61,2335.90,2339.91,2371.92,2502.59,2489.13,2447.80,2395.18,2448.61,2488.37,2486.69,2455.87,2454.35,2477.88,2367.01,2374.71,2366.23,2366.76,2361.52,2351.29,2345.66,2346.09,2337.47,2329.37,2316.84,2305.12,2309.14,2341.15,2471.82,2458.36,2417.03,2364.41,2417.83,2457.60,2455.92,2425.10,2423.58,2447.11,2336.24,2343.94,2335.46,2335.99,2330.75"
bbf264fb-565a-4640-b502-34b6f442d369 "274.70,279.36,272.87,272.49,272.90,275.39,286.36,293.36,292.57,288.62,287.13,287.41,288.36,287.35,290.12,288.80,291.22,294.33,291.65,288.87,286.83,286.39,285.14,278.69,273.91,278.57,272.08,271.70,272.10,274.60,285.57,292.57,291.78,287.83,286.34,286.62,287.57,286.56,289.32,288.01,290.42,293.53,290.85,288.08,286.04,285.59,284.35,277.89,273.11,277.78,271.29,270.91,271.31,273.81,284.78,291.77,290.98,287.04,285.54,285.83,286.77,285.77,288.53,287.21,289.63,292.74,290.06,287.29,285.25,284.80,283.56,277.10"
01f0df43-1f65-4ae5-b99c-822474b47572 "206.32,205.55,204.34,204.19,203.25,204.22,204.43,206.08,208.38,209.98,208.57,209.57,207.89,209.33,210.30,210.86,210.29,210.59,208.61,208.42,207.63,207.60,206.61,206.59,205.60,204.83,203.61,203.47,202.53,203.50,203.71,205.36,207.66,209.26,207.85,208.85,207.17,208.61,209.58,210.13,209.57,209.87,207.88,207.70,206.91,206.87,205.89,205.87,204.88,204.10,202.89,202.74,201.81,202.78,202.98,204.64,206.94,208.54,207.13,208.13,206.45,207.89,208.86,209.41,208.85,209.14,207.16,206.98,206.19,206.15,205.17,205.14"
7928e882-dc83-4e9c-a720-d2caf514b0f0 "475.90,475.32,476.45,475.51,473.76,469.04,470.63,471.97,474.32,480.57,486.79,487.96,484.81,488.42,488.94,486.81,486.54,488.07,483.97,482.86,485.51,482.49,480.19,479.52,475.11,474.53,475.66,474.73,472.97,468.25,469.84,471.18,473.53,479.78,486.00,487.17,484.02,487.63,488.15,486.03,485.75,487.28,483.18,482.08,484.73,481.70,479.40,478.73,474.32,473.74,474.88,473.94,472.19,467.46,469.05,470.39,472.74,478.99,485.21,486.39,483.24,486.84,487.36,485.24,484.96,486.49,482.40,481.29,483.94,480.91,478.62,477.94"
aeb680cc-c431-4cd9-8c43-c8a6f5809c01 "45.10,42.21,40.99,43.66,45.22,61.64,78.55,87.58,72.88,74.99,75.71,76.82,93.11,76.93,76.80,73.94,84.38,92.71,94.97,108.67,112.27,107.53,78.54,54.15,42.52,39.63,38.41,41.08,42.63,59.05,75.97,85.00,70.30,72.41,73.13,74.24,90.53,74.35,74.22,71.36,81.80,90.12,92.38,106.09,109.69,104.95,75.96,51.57,39.94,37.05,35.83,38.50,40.05,56.47,73.39,82.42,67.72,69.83,70.55,71.66,87.95,71.77,71.64,68.77,79.21,87.54,89.80,103.51,107.11,102.37,73.38,48.99"
438bb06b-8bc3-4ef2-a1a2-a691ed1ecc20 "0.00,0.00,0.00,0.00,0.00,0.00,0.00,0.00,0.00,80.27,2288.36,0.00,0.00,0.00,0.00,0.00,0.00,0.00,6117.42,9966.67,7854.46,0.00,0.00,0.00,0.00,0.00,0.00,0.00,0.00,0.00,0.00,0.00,0.00,0.00,1036.82,0.00,0.00,0.00,0.00,0.00,0.00,0.00,4865.88,8715.13,6602.92,0.00,0.00,0.00,0.00,0.00,0.00,0.00,0.00,0.00,0.00,0.00,0.00,0.00,0.00,0.00,0.00,0.00,0.00,0.00,0.00,0.00,3614.34,7463.59,5351.38,0.00,0.00,0.00,"
a25fb90a-98c2-48ae-ad70-13f9b06c60ba "195.80,195.46,195.52,193.77,193.50,192.88,193.05,193.27,194.24,200.34,204.31,203.77,198.10,196.37,203.17,204.48,201.75,201.89,197.67,197.91,197.52,197.53,196.29,195.62,195.56,195.22,195.28,193.53,193.26,192.64,192.81,193.03,194.00,200.10,204.08,203.53,197.86,196.13,202.93,204.24,201.51,201.65,197.43,197.67,197.28,197.30,196.05,195.38,195.32,194.98,195.04,193.29,193.02,192.40,192.57,192.79,193.76,199.86,203.84,203.29,197.62,195.89,202.69,204.00,201.27,201.41,197.19,197.43,197.04,197.06,195.81,195.14"
5afa4cbd-c268-4626-a9a2-2da50010bc14 "101.23,111.05,116.37,127.31,134.39,128.26,134.63,139.62,135.93,141.79,119.54,108.28,107.36,98.69,97.57,99.01,99.60,99.34,107.64,104.88,106.14,97.38,99.66,96.68,104.66,114.48,119.80,130.74,137.82,131.69,138.06,143.05,139.36,145.22,122.97,111.71,110.80,102.12,101.00,102.44,103.03,102.77,111.07,108.31,109.57,100.81,103.09,100.11,108.09,117.91,123.23,134.17,141.25,135.12,141.49,146.48,142.79,148.65,126.40,115.14,114.23,105.55,104.43,105.87,106.46,106.20,114.50,111.74,113.01,104.24,106.52,103.54"
1d62593d-98de-448b-87f3-9dacc1fe3b19 "462.19,443.82,462.68,453.35,427.33,413.03,420.50,427.61,438.06,443.18,449.31,459.96,485.67,500.88,460.36,457.65,467.00,474.18,481.83,485.01,488.78,493.06,482.56,475.30,459.88,441.51,460.36,451.04,425.02,410.72,418.19,425.30,435.75,440.87,447.00,457.65,483.36,498.57,458.05,455.34,464.69,471.87,479.52,482.70,486.47,490.75,480.24,472.99,457.57,439.20,458.05,448.73,422.71,408.41,415.88,422.99,433.43,438.56,444.69,455.34,481.05,496.26,455.74,453.02,462.37,469.56,477.21,480.39,484.16,488.43,477.93,470.68"
674cf614-e840-4b08-9102-dc4831e7ec97 "114.41,111.12,110.91,110.44,110.38,105.30,106.76,113.28,119.28,116.39,116.50,115.52,117.26,117.70,115.49,116.97,121.52,124.11,118.41,115.73,114.54,116.06,114.93,113.63,113.39,110.10,109.89,109.42,109.36,104.28,105.73,112.26,118.26,115.37,115.48,114.50,116.24,116.68,114.47,115.95,120.50,123.09,117.39,114.71,113.52,115.04,113.90,112.61,112.37,109.08,108.87,108.40,108.34,103.25,104.71,111.24,117.24,114.35,114.46,113.48,115.22,115.66,113.45,114.93,119.48,122.07,116.37,113.69,112.50,114.02,112.88,111.59"
f08dbde2-c3ab-4f11-83ab-57f9fcd688c6 "835.69,844.91,848.25,831.41,829.43,830.42,832.38,834.10,837.45,852.91,870.81,908.74,848.92,841.83,904.10,861.01,903.90,878.71,888.43,852.16,877.74,913.04,866.55,845.42,837.59,846.80,850.14,833.31,831.32,832.32,834.28,836.00,839.34,854.81,872.70,910.64,850.82,843.73,906.00,862.91,905.80,880.60,890.33,854.05,879.63,914.94,868.45,847.31,839.49,848.70,852.04,835.20,833.22,834.21,836.18,837.89,841.24,856.71,874.60,912.53,852.71,845.62,907.90,864.81,907.70,882.50,892.23,855.95,881.53,916.84,870.35,849.21"
2e248334-532d-4dfc-bf0f-c07fe667bd71 "30.26,30.68,30.36,30.07,29.90,29.80,30.14,30.57,30.56,30.76,30.78,30.98,30.94,31.05,30.77,30.55,30.82,30.69,30.69,30.89,31.20,30.99,30.50,30.43,30.26,30.68,30.37,30.07,29.91,29.81,30.14,30.57,30.57,30.76,30.78,30.98,30.94,31.05,30.77,30.55,30.83,30.69,30.70,30.90,31.20,31.00,30.50,30.43,30.26,30.68,30.37,30.07,29.91,29.81,30.15,30.58,30.57,30.76,30.79,30.99,30.94,31.05,30.77,30.55,30.83,30.69,30.70,30.90,31.20,31.00,30.51,30.43"
a9842951-a198-4221-abe9-53860b3fdcb3 "160.76,159.43,158.36,157.71,158.76,157.80,159.20,162.00,167.15,168.74,169.66,171.35,167.80,167.07,172.41,171.24,173.76,168.48,167.76,166.50,167.17,166.41,166.35,163.33,160.59,159.26,158.19,157.54,158.59,157.63,159.03,161.83,166.98,168.57,169.49,171.18,167.63,166.90,172.24,171.07,173.59,168.31,167.59,166.32,167.00,166.24,166.18,163.16,160.42,159.09,158.02,157.37,158.42,157.46,158.86,161.66,166.81,168.40,169.32,171.01,167.46,166.73,172.07,170.90,173.42,168.14,167.42,166.15,166.83,166.07,166.01,162.99"
b574c728-d02c-43a7-8829-9d47313fe962 "98.52,97.78,97.86,105.06,107.03,108.76,112.25,112.39,113.69,118.55,116.09,129.17,129.13,120.90,114.17,110.47,112.35,115.05,104.50,107.47,100.18,103.13,99.01,98.27,96.58,95.84,95.92,103.12,105.10,106.83,110.32,110.45,111.75,116.61,114.15,127.23,127.19,118.97,112.23,108.53,110.41,113.11,102.56,105.53,98.25,101.19,97.08,96.33,94.65,93.90,93.98,101.18,103.16,104.89,108.38,108.52,109.81,114.68,112.22,125.30,125.26,117.03,110.30,106.60,108.47,111.17,100.62,103.60,96.31,99.25,95.14,94.39"
a508f764-de90-466c-a229-037d9d2a0276 "314.73,310.28,308.86,307.00,308.35,320.18,323.54,329.06,335.21,336.88,343.64,338.19,315.70,309.23,312.64,311.22,322.58,313.67,312.30,312.91,314.71,325.67,322.35,316.12,311.66,307.21,305.80,303.93,305.29,317.12,320.47,325.99,332.15,333.82,340.58,335.13,312.64,306.17,309.58,308.15,319.52,310.60,309.24,309.85,311.64,322.61,319.29,313.06,308.60,304.15,302.73,300.87,302.23,314.06,317.41,322.93,329.09,330.76,337.51,332.06,309.58,303.11,306.52,305.09,316.46,307.54,306.18,306.79,308.58,319.55,316.23,309.99"
7e266947-30cf-4384-9af9-867716e38883 "370.40,366.67,371.52,381.17,371.52,373.40,377.24,374.41,395.24,399.38,396.19,389.20,387.34,392.65,390.22,390.85,386.48,386.26,378.96,375.72,381.60,377.52,378.42,372.37,370.91,367.18,372.03,381.68,372.03,373.91,377.75,374.92,395.75,399.89,396.70,389.71,387.85,393.16,390.73,391.36,386.99,386.77,379.47,376.23,382.12,378.03,378.93,372.88,371.42,367.69,372.54,382.19,372.54,374.42,378.26,375.43,396.26,400.40,397.21,390.22,388.36,393.67,391.24,391.87,387.50,387.28,379.98,376.74,382.63,378.54,379.44,373.39"
7845f591-4f25-40c7-b207-bc69268d772f "2145.90,2149.59,2102.07,2114.42,2093.45,2088.50,2113.65,2145.04,2177.85,2203.35,2214.91,2241.25,2234.63,2265.92,2232.68,2242.01,2232.20,2233.13,2227.88,2228.37,2222.30,2209.63,2192.98,2156.92,2143.18,2146.87,2099.35,2111.70,2090.73,2085.78,2110.93,2142.32,2175.13,2200.63,2212.19,2238.53,2231.91,2263.20,2229.96,2239.29,2229.48,2230.41,2225.16,2225.65,2219.58,2206.91,2190.26,2154.20,2140.46,2144.15,2096.63,2108.98,2088.01,2083.06,2108.21,2139.60,2172.41,2197.91,2209.47,2235.81,2229.19,2260.48,2227.25,2236.57,2226.76,2227.69,2222.44,2222.93,2216.86,2204.19,2187.54,2151.48"
7f763e3d-f9df-4736-bf49-e3b8d1d4704b "0.00,0.00,0.00,0.00,0.00,0.00,0.00,0.00,1441.93,1028.55,638.27,988.30,143.48,0.00,365.40,995.03,1675.17,340.08,0.00,0.00,0.00,0.00,0.00,0.00,0.00,0.00,0.00,0.00,0.00,0.00,0.00,0.00,1187.71,774.33,384.05,734.08,0.00,0.00,111.18,740.80,1420.95,85.85,0.00,0.00,0.00,0.00,0.00,0.00,0.00,0.00,0.00,0.00,0.00,0.00,0.00,0.00,933.48,520.10,129.82,479.85,0.00,0.00,0.00,486.58,1166.72,0.00,0.00,0.00,0.00,0.00,0.00,0.00,"
df2d8690-7754-41d1-90b0-cc81884f8b64 "1043.70,905.80,844.59,835.95,880.83,1072.52,1356.20,1469.72,1450.76,1429.38,1442.38,1416.53,1447.17,1446.25,1432.05,1454.66,1441.32,1471.04,1510.30,1662.31,1796.81,1869.44,1657.05,1321.54,1050.06,912.16,850.95,842.30,887.18,1078.88,1362.56,1476.08,1457.12,1435.74,1448.74,1422.88,1453.53,1452.61,1438.40,1461.02,1447.67,1477.40,1516.65,1668.67,1803.17,1875.80,1663.41,1327.90,1056.42,918.51,857.31,848.66,893.54,1085.23,1368.91,1482.43,1463.48,1442.09,1455.10,1429.24,1459.88,1458.96,1444.76,1467.37,1454.03,1483.76,1523.01,1675.03,1809.52,1882.15,1669.76,1334.25"
fc05243c-7884-43e6-bbca-60599ab57bd8 "1798.79,1725.78,1694.21,1677.03,1676.97,1676.51,1730.85,1791.82,1870.22,1994.37,2079.13,2078.50,2009.21,2012.33,2069.01,2091.50,2146.18,2088.36,2020.96,1998.18,1998.19,2012.38,1995.37,1914.21,1804.01,1731.00,1699.43,1682.26,1682.19,1681.74,1736.07,1797.04,1875.44,1999.59,2084.35,2083.72,2014.43,2017.55,2074.23,2096.72,2151.40,2093.58,2026.19,2003.41,2003.41,2017.60,2000.59,1919.43,1809.23,1736.22,1704.65,1687.48,1687.41,1686.96,1741.29,1802.27,1880.66,2004.81,2089.57,2088.94,2019.65,2022.78,2079.45,2101.94,2156.62,2098.81,2031.41,2008.63,2008.64,2022.82,2005.81,1924.65"
51badd1e-bd8c-477d-89ff-eae9ca09bde5 "24.68,17.46,18.75,17.42,17.45,18.25,19.03,18.67,19.43,19.73,20.31,20.60,20.38,20.15,21.12,21.18,21.18,20.93,20.17,19.28,19.12,18.81,17.49,16.91,24.62,17.40,18.69,17.36,17.39,18.19,18.97,18.61,19.37,19.67,20.25,20.54,20.32,20.09,21.06,21.12,21.12,20.87,20.11,19.22,19.06,18.75,17.43,16.85,24.56,17.34,18.63,17.30,17.33,18.13,18.91,18.55,19.31,19.61,20.19,20.48,20.26,20.03,21.00,21.06,21.06,20.81,20.05,19.16,19.00,18.69,17.37,16.79"
ab69d1a9-7592-4c7c-9f47-6c6b6b8261bd "1082.26,1076.93,1076.68,1087.65,1087.38,1074.12,1074.90,1075.79,1086.86,1095.93,1096.76,1095.18,1086.59,1089.03,1098.36,1097.43,1105.84,1092.51,1081.63,1078.70,1080.59,1078.34,1076.11,1076.48,1080.32,1074.99,1074.75,1085.72,1085.45,1072.19,1072.97,1073.86,1084.92,1094.00,1094.82,1093.25,1084.66,1087.10,1096.42,1095.49,1103.91,1090.58,1079.70,1076.77,1078.66,1076.41,1074.18,1074.54,1078.39,1073.06,1072.82,1083.79,1083.52,1070.26,1071.04,1071.92,1082.99,1092.06,1092.89,1091.31,1082.73,1085.16,1094.49,1093.56,1101.98,1088.65,1077.77,1074.83,1076.72,1074.47,1072.24,1072.61"
5cfd4757-af72-48b2-a93c-28fdc1f9191d "593.14,590.74,591.07,590.59,589.78,588.98,594.91,596.63,609.70,634.86,617.97,615.08,609.60,611.98,618.04,612.51,611.00,609.23,607.34,607.59,605.54,603.99,597.76,594.03,592.75,590.34,590.67,590.20,589.39,588.59,594.51,596.24,609.31,634.47,617.58,614.69,609.20,611.58,617.65,612.12,610.61,608.84,606.95,607.20,605.15,603.60,597.36,593.63,592.35,589.95,590.28,589.81,589.00,588.20,594.12,595.85,608.91,634.07,617.19,614.30,608.81,611.19,617.26,611.72,610.21,608.45,606.56,606.81,604.76,603.21,596.97,593.24"
055a70d3-f3d8-448a-873d-1176abb7b054 "42.14,39.24,38.03,39.52,37.42,38.74,44.78,43.60,62.45,216.77,230.14,143.55,62.44,199.24,245.19,92.98,53.29,50.62,53.07,50.79,49.27,53.98,50.26,43.73,30.97,28.07,26.85,28.35,26.24,27.56,33.60,32.42,51.27,205.59,218.97,132.38,51.26,188.06,234.01,81.80,42.12,39.44,41.89,39.61,38.09,42.81,39.09,32.56,19.79,16.89,15.68,17.17,15.06,16.38,22.43,21.25,40.10,194.42,207.79,121.20,40.09,176.88,222.83,70.62,30.94,28.26,30.71,28.44,26.91,31.63,27.91,21.38"
c112653f-2bf5-4610-917b-312dbd66e058 "27.77,23.17,23.99,22.20,21.95,25.44,26.49,29.20,67.72,208.28,245.69,164.47,64.10,216.09,291.11,95.88,52.09,52.46,45.35,43.76,44.95,33.82,42.22,29.60,12.65,8.05,8.87,7.08,6.83,10.32,11.37,14.08,52.60,193.16,230.57,149.35,48.98,200.97,275.99,80.76,36.97,37.33,30.23,28.64,29.83,18.69,27.10,14.48,0.00,0.00,0.00,0.00,0.00,0.00,0.00,0.00,37.47,178.04,215.45,134.23,33.85,185.85,260.87,65.64,21.85,22.21,15.10,13.52,14.70,3.57,11.98,0.00,"
60706adc-302b-4284-b2dd-ace0e4427b54 "6085.17,4572.81,3666.80,3343.79,3082.82,3241.42,4304.25,6553.09,8119.04,8616.84,8853.15,9066.47,9901.83,8479.18,7877.63,7497.47,7547.46,7382.04,7320.21,7007.62,6929.24,7282.11,7551.85,7331.40,6204.11,4691.75,3785.74,3462.73,3201.76,3360.35,4423.18,6672.03,8237.98,8735.78,8972.09,9185.41,10020.76,8598.11,7996.57,7616.41,7666.39,7500.97,7439.14,7126.56,7048.18,7401.04,7670.78,7450.33,6323.04,4810.68,3904.67,3581.66,3320.69,3479.29,4542.12,6790.96,8356.91,8854.71,9091.02,9304.34,10139.70,8717.04,8115.50,7735.34,7785.32,7619.91,7558.08,7245.49,7167.11,7519.98,7789.72,7569.27"
d392ee45-c278-4c86-b910-d80a564cc36b "348.32,285.15,258.32,245.03,242.31,263.22,329.24,335.64,341.25,348.98,350.19,353.14,410.45,397.66,368.99,361.46,378.58,430.80,464.48,509.67,558.22,576.50,520.78,428.64,389.31,326.15,299.31,286.03,283.30,304.22,370.23,376.63,382.24,389.97,391.18,394.13,451.44,438.65,409.98,402.46,419.57,471.79,505.48,550.66,599.21,617.49,561.77,469.63,430.31,367.14,340.30,327.02,324.29,345.21,411.22,417.62,423.23,430.97,432.17,435.13,492.44,479.64,450.97,443.45,460.57,512.78,546.47,591.65,640.20,658.48,602.76,510.62"
aec309bc-76f1-48e0-af7a-16da43cba338 "19.73,16.72,19.40,16.67,13.27,12.84,15.78,20.56,83.86,123.78,140.59,128.09,66.81,114.92,185.48,182.94,85.22,40.02,82.98,64.05,48.19,41.89,23.63,9.21,0.00,0.00,0.00,0.00,0.00,0.00,0.00,0.00,60.25,100.17,116.98,104.49,43.21,91.32,161.88,159.33,61.62,16.42,59.38,40.44,24.59,18.29,0.03,0.00,0.00,0.00,0.00,0.00,0.00,0.00,0.00,0.00,36.65,76.57,93.37,80.88,19.60,67.71,138.27,135.72,38.01,0.00,35.77,16.84,0.98,0.00,0.00,0.00,"
e33deeec-ae01-4af7-a7dc-a70add02fb61 "14635.52,11217.86,9241.43,8271.23,7741.10,7860.65,9279.91,11697.33,14618.27,16647.99,18125.54,20402.21,24039.27,20903.55,19374.91,18934.06,19401.70,21422.97,23646.67,25300.73,26481.43,25878.35,23543.60,18799.27,15894.69,12477.03,10500.60,9530.40,9000.27,9119.82,10539.08,12956.50,15877.44,17907.16,19384.71,21661.38,25298.44,22162.72,20634.08,20193.23,20660.87,22682.14,24905.84,26559.90,27740.60,27137.52,24802.78,20058.44,17153.86,13736.20,11759.77,10789.57,10259.44,10378.99,11798.25,14215.67,17136.61,19166.33,20643.89,22920.55,26557.61,23421.89,21893.25,21452.40,21920.04,23941.31,26165.01,27819.07,28999.77,28396.69,26061.95,21317.61"
3719cee3-b3c2-4db2-9199-71305ea83c14 "237981.89,222733.33,203992.40,185555.31,177770.51,173408.32,181104.61,191069.75,206698.23,220672.02,230836.45,227908.29,218819.83,212726.04,207669.83,201729.12,205090.94,207832.37,215219.60,225841.47,238327.02,246802.32,252895.91,246101.42,241876.60,226628.05,207887.12,189450.03,181665.22,177303.03,184999.33,194964.47,210592.94,224566.74,234731.16,231803.00,222714.55,216620.75,211564.54,205623.83,208985.66,211727.09,219114.31,229736.19,242221.74,250697.04,256790.63,249996.13,245771.32,230522.76,211781.84,193344.74,185559.94,181197.75,188894.04,198859.18,214487.66,228461.46,238625.88,235697.72,226609.26,220515.47,215459.26,209518.55,212880.38,215621.80,223009.03,233630.90,246116.45,254591.75,260685.34,253890.85"
3a24a891-d616-4e0a-8c6f-0c538608aaf3 "687.23,683.76,676.00,673.31,670.07,671.00,675.07,679.18,685.95,687.64,688.34,693.03,693.07,690.79,691.32,691.21,692.35,694.24,694.77,696.01,697.44,698.53,697.03,693.44,691.55,688.08,680.32,677.63,674.38,675.32,679.39,683.50,690.27,691.95,692.65,697.34,697.38,695.10,695.64,695.52,696.67,698.56,699.08,700.33,701.76,702.84,701.35,697.75,695.86,692.39,684.63,681.94,678.70,679.63,683.71,687.81,694.59,696.27,696.97,701.66,701.70,699.42,699.95,699.84,700.99,702.87,703.40,704.64,706.08,707.16,705.66,702.07"
dc9b9b6c-fbc7-41cf-ac36-19719d405b67 "1753.37,1596.11,1469.30,1380.95,1277.61,1316.47,1454.96,1514.68,1620.63,1862.57,2068.56,2307.02,2628.11,2231.49,2129.65,2079.06,2119.13,2256.09,2459.85,2534.54,2571.73,2623.45,2406.98,2058.10,1827.96,1670.70,1543.89,1455.54,1352.20,1391.06,1529.55,1589.27,1695.22,1937.15,2143.15,2381.61,2702.69,2306.07,2204.24,2153.65,2193.72,2330.68,2534.44,2609.13,2646.32,2698.04,2481.57,2132.69,1902.55,1745.28,1618.48,1530.13,1426.79,1465.64,1604.14,1663.85,1769.80,2011.74,2217.73,2456.20,2777.28,2380.66,2278.82,2228.24,2268.31,2405.27,2609.03,2683.72,2720.91,2772.63,2556.16,2207.28"
cdcdaeaa-2739-410f-9799-28fd0ef9aa7b "1585.70,1083.82,854.77,743.25,710.21,793.55,959.09,1165.85,1484.32,1686.22,2045.44,2139.26,2314.61,2299.82,2322.87,2290.50,2348.20,2295.39,2276.06,2652.03,3044.14,3160.45,2869.44,2202.59,1640.01,1138.13,909.08,797.56,764.52,847.86,1013.40,1220.15,1538.62,1740.53,2099.75,2193.57,2368.92,2354.12,2377.18,2344.80,2402.51,2349.70,2330.36,2706.34,3098.44,3214.75,2923.75,2256.89,1694.31,1192.44,963.39,851.87,818.82,902.16,1067.70,1274.46,1592.93,1794.83,2154.06,2247.87,2423.22,2408.43,2431.49,2399.11,2456.82,2404.00,2384.67,2760.64,3152.75,3269.06,2978.05,2311.20"
8d904cf0-0d9f-49fc-a0a4-16e8402bdb4b "6256.31,5249.55,4396.34,4113.84,3832.55,3896.92,4559.54,5190.01,6846.80,8453.03,9521.70,10158.89,10754.13,10151.44,10060.67,9904.12,9998.09,10229.56,10560.08,11259.79,11559.69,10667.09,8669.01,6609.28,6811.92,5805.16,4951.95,4669.45,4388.17,4452.53,5115.15,5745.63,7402.41,9008.64,10077.32,10714.50,11309.74,10707.06,10616.28,10459.73,10553.71,10785.18,11115.69,11815.41,12115.30,11222.70,9224.63,7164.90,7367.53,6360.78,5507.57,5225.06,4943.78,5008.14,5670.76,6301.24,7958.02,9564.26,10632.93,11270.12,11865.36,11262.67,11171.89,11015.34,11109.32,11340.79,11671.30,12371.02,12670.91,11778.31,9780.24,7720.51"
d44ae155-39b3-4526-8068-1c087de35631 "1572.31,1219.92,944.74,805.95,752.97,761.03,863.85,1127.68,1483.03,1697.76,1908.72,2199.41,2564.27,2387.52,2294.09,2279.64,2304.39,2343.86,2469.12,2564.52,2635.53,2579.34,2304.50,1830.30,1627.29,1274.91,999.72,860.93,807.95,816.02,918.83,1182.67,1538.01,1752.74,1963.71,2254.40,2619.26,2442.51,2349.08,2334.62,2359.38,2398.85,2524.10,2619.50,2690.51,2634.32,2359.48,1885.28,1682.27,1329.89,1054.70,915.92,862.93,871.00,973.82,1237.65,1592.99,1807.72,2018.69,2309.38,2674.24,2497.49,2404.06,2389.61,2414.36,2453.83,2579.09,2674.48,2745.50,2689.30,2414.47,1940.26"
fe612e78-3590-477a-a6e0-71aee4bdcf79 "1802.13,1327.43,1057.21,925.66,866.39,911.49,1145.42,1420.59,1689.31,1869.54,1995.67,2133.40,2555.53,2348.99,2218.23,2178.57,2167.48,2320.63,2650.40,2942.59,3328.65,3518.44,3270.70,2535.31,1919.88,1445.17,1174.95,1043.40,984.13,1029.23,1263.17,1538.34,1807.05,1987.28,2113.41,2251.14,2673.27,2466.73,2335.97,2296.31,2285.22,2438.37,2768.14,3060.33,3446.39,3636.18,3388.44,2653.06,2037.62,1562.91,1292.69,1161.14,1101.87,1146.97,1380.91,1656.08,1924.79,2105.02,2231.15,2368.88,2791.02,2584.47,2453.71,2414.05,2402.96,2556.11,2885.88,3178.07,3564.13,3753.92,3506.18,2770.80"
69f7e067-921a-4cd6-a77c-7ce2d52db362 "114.40,87.74,75.53,74.67,68.80,66.87,113.67,76.19,113.76,179.95,228.40,244.26,147.05,183.90,261.04,275.93,275.93,235.92,191.30,179.69,203.14,176.93,166.87,142.63,94.96,68.31,56.10,55.23,49.37,47.43,94.23,56.76,94.33,160.51,208.97,224.83,127.61,164.47,241.61,256.50,256.50,216.49,171.87,160.26,183.71,157.50,147.44,123.20,75.53,48.88,36.66,35.80,29.93,28.00,74.80,37.32,74.90,141.08,189.54,205.39,108.18,145.04,222.18,237.07,237.06,197.06,152.44,140.82,164.27,138.07,128.01,103.77"
14b62f66-8767-4b3d-9548-e004a83fe649 "80.82,81.26,81.05,85.05,81.97,80.01,79.24,79.42,83.45,90.33,94.28,88.09,81.38,87.33,91.72,85.07,84.46,83.24,81.76,80.86,81.10,79.31,79.86,79.18,79.53,79.97,79.76,83.76,80.69,78.72,77.95,78.14,82.17,89.04,92.99,86.80,80.09,86.04,90.44,83.78,83.17,81.96,80.48,79.57,79.82,78.03,78.58,77.90,78.25,78.69,78.48,82.48,79.40,77.44,76.67,76.85,80.88,87.76,91.71,85.52,78.81,84.76,89.15,82.50,81.89,80.67,79.19,78.29,78.53,76.74,77.29,76.61"
0d3381f6-962d-4220-9069-96437e2c339d "240304.59,224823.41,205566.74,187306.31,182117.67,177608.99,185127.60,195189.98,211108.63,225099.10,235470.93,232759.30,222578.35,215981.36,210426.07,204967.52,206731.53,209028.05,218950.06,229931.15,244085.10,252255.15,258277.19,251712.17,245622.46,230141.29,210884.62,192624.18,187435.54,182926.86,190445.47,200507.85,216426.50,230416.97,240788.80,238077.18,227896.23,221299.23,215743.94,210285.39,212049.40,214345.92,224267.93,235249.02,249402.97,257573.02,263595.06,257030.05,250940.33,235459.16,216202.49,197942.05,192753.42,188244.74,195763.34,205825.72,221744.38,235734.85,246106.68,243395.05,233214.10,226617.10,221061.81,215603.26,217367.28,219663.79,229585.81,240566.89,254720.85,262890.90,268912.93,262347.92"
7c0bee64-c3b7-4662-b1a0-6a62f106b225 "973.22,1029.11,1001.97,1098.17,1161.64,1015.28,1040.67,1075.48,1172.22,1612.20,2310.18,2268.24,2038.99,2061.83,2252.54,2300.65,2371.06,2253.03,1948.80,1527.61,1232.75,1107.60,1063.79,1032.71,931.95,987.84,960.70,1056.90,1120.37,974.01,999.40,1034.20,1130.95,1570.93,2268.91,2226.97,1997.71,2020.56,2211.27,2259.38,2329.79,2211.76,1907.53,1486.34,1191.48,1066.33,1022.52,991.44,890.68,946.57,919.43,1015.63,1079.10,932.74,958.13,992.93,1089.68,1529.66,2227.64,2185.70,1956.44,1979.29,2170.00,2218.11,2288.52,2170.49,1866.26,1445.07,1150.21,1025.06,981.25,950.17"
0a9da3f4-ba4b-4a13-8455-86809acb3cea "930.59,919.39,915.18,911.48,909.06,907.61,915.55,917.37,923.36,927.08,926.39,927.16,929.03,931.95,938.38,937.09,932.05,931.06,933.18,943.17,959.39,963.02,952.89,941.33,926.58,915.38,911.18,907.47,905.05,903.60,911.54,913.36,919.35,923.07,922.38,923.16,925.02,927.94,934.37,933.08,928.04,927.05,929.17,939.16,955.39,959.01,948.88,937.32,922.58,911.37,907.17,903.46,901.05,899.59,907.54,909.36,915.35,919.07,918.37,919.15,921.01,923.94,930.36,929.07,924.03,923.04,925.16,935.16,951.38,955.00,944.88,933.31"
030d0e35-3086-4538-825e-a0dc4b9172c9 "1668.68,991.29,624.71,441.31,394.52,551.62,848.54,1201.89,1596.42,1988.99,2164.74,2286.03,2462.25,2402.35,2339.90,2311.86,2237.25,2250.99,2305.96,2711.65,3037.19,3120.46,2825.45,2151.05,1574.70,897.31,530.73,347.33,300.54,457.64,754.56,1107.91,1502.44,1895.01,2070.76,2192.05,2368.27,2308.37,2245.92,2217.88,2143.26,2157.01,2211.98,2617.67,2943.21,3026.48,2731.47,2057.07,1480.72,803.33,436.75,253.35,206.56,363.66,660.58,1013.93,1408.46,1801.03,1976.78,2098.07,2274.29,2214.39,2151.94,2123.90,2049.28,2063.03,2118.00,2523.69,2849.23,2932.50,2637.49,1963.09"
6ac1193e-f299-42b3-ac59-041285a3ab5e "982.94,653.06,453.23,378.31,357.02,409.69,523.59,745.26,950.91,1216.35,1460.92,1502.15,1538.32,1492.91,1472.05,1627.79,1510.26,1504.91,1462.50,1760.55,1972.77,2023.62,1797.47,1335.87,979.83,649.95,450.12,375.21,353.91,406.59,520.48,742.16,947.81,1213.24,1457.81,1499.05,1535.21,1489.80,1468.94,1624.68,1507.15,1501.81,1459.39,1757.45,1969.67,2020.51,1794.37,1332.77,976.72,646.85,447.01,372.10,350.81,403.48,517.37,739.05,944.70,1210.14,1454.71,1495.94,1532.11,1486.69,1465.83,1621.57,1504.05,1498.70,1456.29,1754.34,1966.56,2017.40,1791.26,1329.66"
ae42e4db-f9b9-46f0-91c0-ad5d0c4987be "377.98,373.53,371.83,379.18,371.67,370.32,373.73,375.80,379.42,386.44,390.15,389.01,383.57,385.78,389.07,398.43,393.90,389.39,388.07,385.49,385.03,383.98,381.12,376.88,375.77,371.32,369.61,376.96,369.45,368.11,371.52,373.58,377.21,384.22,387.94,386.80,381.35,383.57,386.85,396.22,391.68,387.18,385.86,383.27,382.81,381.77,378.90,374.66,373.55,369.10,367.40,374.75,367.24,365.89,369.30,371.37,374.99,382.01,385.72,384.58,379.14,381.35,384.64,394.00,389.46,384.96,383.64,381.06,380.60,379.55,376.69,372.45"
a5328c75-a45f-4737-87f4-f0733dc673b5 "373.88,368.75,368.31,375.46,372.60,366.44,370.11,372.41,376.40,383.11,390.37,387.01,380.70,381.56,384.97,391.23,388.71,384.90,382.45,379.95,379.25,377.57,376.42,374.49,371.04,365.90,365.46,372.62,369.76,363.60,367.27,369.57,373.56,380.27,387.52,384.16,377.85,378.72,382.12,388.39,385.87,382.05,379.61,377.11,376.41,374.72,373.58,371.64,368.20,363.06,362.62,369.77,366.92,360.76,364.42,366.73,370.72,377.43,384.68,381.32,375.01,375.88,379.28,385.54,383.03,379.21,376.77,374.26,373.57,371.88,370.73,368.80"
afa455f0-8192-43a7-8277-19fef93f884c "302.58,295.77,298.02,289.98,291.28,292.39,298.89,307.48,312.68,319.06,319.36,326.14,345.92,338.43,331.13,325.06,326.04,328.71,333.69,332.10,343.38,336.01,328.30,316.09,298.17,291.36,293.60,285.56,286.87,287.98,294.48,303.07,308.27,314.65,314.94,321.73,341.51,334.01,326.71,320.65,321.62,324.29,329.27,327.69,338.96,331.60,323.89,311.68,293.75,286.95,289.19,281.15,282.46,283.57,290.06,298.65,303.85,310.23,310.53,317.31,337.10,329.60,322.30,316.23,317.21,319.88,324.86,323.27,334.55,327.18,319.47,307.27"
fd8dfb3b-bdb2-4d40-bf83-638662f2717b "1515.33,1368.65,1376.47,1307.70,1307.55,1322.06,1449.87,1555.22,1571.46,1727.44,1671.72,2063.19,1926.54,1855.96,1689.35,1668.04,2064.83,2102.30,2421.68,2919.26,3572.41,3709.57,2336.28,1698.03,1514.52,1367.84,1375.67,1306.90,1306.74,1321.26,1449.07,1554.42,1570.65,1726.64,1670.91,2062.39,1925.73,1855.16,1688.55,1667.23,2064.02,2101.50,2420.87,2918.45,3571.60,3708.77,2335.48,1697.23,1513.71,1367.04,1374.86,1306.09,1305.94,1320.45,1448.26,1553.61,1569.85,1725.83,1670.11,2061.58,1924.93,1854.35,1687.74,1666.43,2063.22,2100.69,2420.06,2917.65,3570.80,3707.96,2334.67,1696.42"
7589ec5d-1262-4e99-b255-7b2141695664 "267.39,168.23,154.30,150.32,146.49,183.04,696.61,384.70,235.48,201.09,200.95,266.50,293.45,204.78,223.38,197.59,207.29,265.87,887.00,757.24,325.96,195.06,267.12,615.69,262.23,163.07,149.14,145.16,141.33,177.88,691.45,379.54,230.32,195.93,195.79,261.34,288.30,199.62,218.22,192.44,202.13,260.71,881.84,752.08,320.81,189.90,261.96,610.53,257.08,157.91,143.98,140.00,136.17,172.72,686.29,374.38,225.16,190.77,190.63,256.18,283.14,194.46,213.06,187.28,196.97,255.55,876.68,746.93,315.65,184.75,256.80,605.37"
c41ba638-a65b-4931-92c9-860aa5d710fa "0.00,0.00,0.00,0.00,0.00,0.00,0.00,0.00,0.00,385.94,870.47,503.90,0.00,882.69,1190.84,34.82,0.00,0.00,0.00,0.00,0.00,0.00,0.00,0.00,0.00,0.00,0.00,0.00,0.00,0.00,0.00,0.00,0.00,300.18,784.71,418.13,0.00,796.93,1105.07,0.00,0.00,0.00,0.00,0.00,0.00,0.00,0.00,0.00,0.00,0.00,0.00,0.00,0.00,0.00,0.00,0.00,0.00,214.42,698.95,332.37,0.00,711.16,1019.31,0.00,0.00,0.00,0.00,0.00,0.00,0.00,0.00,0.00,"
997e1f51-2c7b-47fa-98ba-77e27eda8330 "114.59,114.42,114.95,115.72,114.27,114.44,114.85,114.49,117.82,116.57,117.13,121.13,116.07,116.39,116.12,116.42,116.85,116.36,115.11,115.20,115.36,114.91,114.79,113.95,114.97,114.80,115.32,116.10,114.64,114.82,115.23,114.87,118.19,116.94,117.50,121.50,116.45,116.76,116.49,116.79,117.23,116.74,115.48,115.57,115.73,115.28,115.17,114.32,115.34,115.17,115.70,116.47,115.02,115.19,115.60,115.24,118.56,117.32,117.87,121.88,116.82,117.14,116.87,117.16,117.60,117.11,115.86,115.94,116.10,115.66,115.54,114.70"
339b3db3-f203-48d1-9337-b32051aa421c "304.11,303.87,303.94,303.84,303.77,303.76,303.64,3305.53,14272.51,2623.69,303.42,303.42,303.33,303.27,303.26,303.16,1944.02,10798.65,15300.19,13493.70,12252.60,7391.29,5208.58,761.81,380.63,380.39,380.46,380.35,380.28,380.28,380.16,3382.05,14349.03,2700.21,379.94,379.94,379.84,379.79,379.78,379.68,2020.54,10875.17,15376.71,13570.21,12329.12,7467.81,5285.10,838.33,457.14,456.91,456.98,456.87,456.80,456.79,456.68,3458.57,14425.54,2776.72,456.46,456.45,456.36,456.31,456.30,456.20,2097.06,10951.69,15453.23,13646.73,12405.64,7544.33,5361.62,914.85"
cb1ecc59-3095-44ee-8d6f-413f3c9b4c1b "241.69,243.15,247.62,240.43,234.68,239.53,240.59,241.04,245.44,251.01,263.58,257.15,262.61,267.68,265.50,263.60,265.12,261.71,259.83,250.44,251.46,244.07,247.29,243.73,240.48,241.94,246.41,239.22,233.47,238.32,239.38,239.83,244.23,249.80,262.37,255.94,261.40,266.47,264.29,262.39,263.90,260.50,258.62,249.23,250.25,242.86,246.08,242.52,239.27,240.73,245.20,238.01,232.26,237.11,238.17,238.62,243.02,248.59,261.16,254.73,260.19,265.26,263.08,261.18,262.69,259.29,257.41,248.02,249.04,241.65,244.87,241.31"
381864f2-5aae-49b5-92cf-2b2ed7ccdd82 "52.68,50.14,49.83,51.02,49.82,49.58,48.37,48.07,48.31,48.36,48.37,75.21,74.77,74.41,66.41,59.29,66.64,74.64,58.73,67.25,47.75,55.72,46.98,47.85,47.91,45.37,45.06,46.25,45.05,44.81,43.60,43.30,43.54,43.59,43.60,70.44,70.00,69.64,61.64,54.52,61.87,69.87,53.96,62.48,42.98,50.95,42.21,43.08,43.14,40.60,40.29,41.48,40.28,40.04,38.83,38.53,38.77,38.82,38.83,65.67,65.23,64.87,56.87,49.75,57.10,65.10,49.19,57.71,38.21,46.18,37.44,38.31"
8782048e-6174-4618-8647-e48664afbfcb "44.10,44.53,43.53,40.29,38.98,38.79,48.28,85.73,107.61,73.80,68.46,65.34,59.00,59.87,68.52,71.81,73.88,104.59,85.16,64.77,57.04,54.98,53.05,51.46,42.08,42.51,41.50,38.26,36.96,36.77,46.25,83.71,105.58,71.78,66.44,63.32,56.97,57.85,66.50,69.78,71.86,102.56,83.13,62.75,55.02,52.95,51.03,49.44,40.06,40.48,39.48,36.24,34.94,34.74,44.23,81.69,103.56,69.76,64.41,61.29,54.95,55.82,64.48,67.76,69.83,100.54,81.11,60.72,53.00,50.93,49.01,47.42"
ba28e852-0c3a-4959-85ee-b1e9ddda6cb7 "2423.99,2383.81,2347.12,2381.47,2436.30,2394.65,2373.97,2420.83,2504.08,2580.41,2649.86,2780.58,2758.91,2820.32,2765.45,2810.54,2941.61,3083.59,3213.18,3186.06,3042.21,3017.65,2816.32,2767.59,2419.46,2379.28,2342.60,2376.95,2431.78,2390.12,2369.44,2416.31,2499.55,2575.88,2645.33,2776.06,2754.39,2815.80,2760.93,2806.01,2937.09,3079.07,3208.65,3181.53,3037.69,3013.13,2811.79,2763.07,2414.93,2374.76,2338.07,2372.42,2427.25,2385.60,2364.91,2411.78,2495.03,2571.35,2640.81,2771.53,2749.86,2811.27,2756.40,2801.49,2932.56,3074.54,3204.13,3177.00,3033.16,3008.60,2807.27,2758.54"
c7ebbb2e-819b-461a-ba4f-82aaff961e9a "2633.07,2586.38,2529.69,2534.66,2571.78,2481.54,2453.75,2499.06,2588.06,2684.94,2741.85,2773.36,2825.50,2904.00,2896.63,2937.94,2948.56,3069.51,3150.79,3154.72,3056.34,3086.20,2985.19,2872.91,2696.04,2649.34,2592.66,2597.62,2634.75,2544.50,2516.72,2562.03,2651.03,2747.90,2804.82,2836.33,2888.46,2966.96,2959.60,3000.91,3011.53,3132.48,3213.76,3217.69,3119.31,3149.17,3048.16,2935.88,2759.00,2712.31,2655.63,2660.59,2697.72,2607.47,2579.68,2624.99,2714.00,2810.87,2867.79,2899.29,2951.43,3029.93,3022.56,3063.88,3074.50,3195.44,3276.73,3280.66,3182.28,3212.13,3111.12,2998.84"
